1	1	1	647	647	0.0092
1	1	648	662	15	0.0541
1	1	663	698	36	0.0073
2	1	1	698	698	0.0087
3	1	1	698	698	0.008
4	1	1	473	473	0.0096
4	1	474	556	83	0.0142
4	1	557	583	27	0.0091
4	1	584	591	8	0.0257
4	1	592	698	107	0.0086
5	1	1	698	698	0.0086
6	1	1	698	698	0.0094
7	1	1	79	79	0.0082
7	1	80	239	160	0.0119
7	1	240	698	459	0.0085
8	1	1	326	326	0.0085
8	1	327	489	163	0.0117
8	1	490	698	209	0.0074
9	1	1	698	698	0.0088
10	1	1	698	698	0.0088
11	1	1	698	698	0.0092
12	1	1	698	698	0.009
13	1	1	698	698	0.0084
14	1	1	698	698	0.0088
15	1	1	698	698	0.0093
16	1	1	698	698	0.009
17	1	1	698	698	0.009
18	1	1	698	698	0.0086
19	1	1	698	698	0.0086
20	1	1	698	698	0.0084
21	1	1	698	698	0.0088
22	1	1	698	698	0.0087
23	1	1	698	698	0.0085
24	1	1	698	698	0.0083
25	1	1	698	698	0.008
26	1	1	698	698	0.0086
27	1	1	698	698	0.0085
28	1	1	698	698	0.0092
29	1	1	698	698	0.0088
30	1	1	698	698	0.0091
31	1	1	698	698	0.0092
32	1	1	698	698	0.0088
33	1	1	698	698	0.0086
34	1	1	698	698	0.0086
35	1	1	698	698	0.0084
36	1	1	698	698	0.0084
37	1	1	698	698	0.0086
38	1	1	698	698	0.0089
39	1	1	698	698	0.0087
40	1	1	698	698	0.0091
41	1	1	698	698	0.0086
42	1	1	698	698	0.0092
43	1	1	698	698	0.0088
44	1	1	698	698	0.0091
45	1	1	698	698	0.0091
46	1	1	698	698	0.0086
47	1	1	698	698	0.0092
48	1	1	698	698	0.0089
49	1	1	698	698	0.0089
50	1	1	698	698	0.0084
